Mean vector for Gaussian 1:

[ 0.90597552  0.07141372  0.30838286  0.19358854  0.64616502  0.90537466
  0.19317235  0.54772777  0.22721423  0.49717585  0.83678659  0.07830986
  0.65245431  0.67652244  0.06205687  0.87383482  0.13640811  0.45762141
  0.93494502  0.10384334]

Mean vector for Gaussian 2:

[ 0.93885861  0.07592928  0.34563773  0.26156964  0.67846885  0.96139384
  0.27633224  0.62786103  0.28523088  0.52389173  0.85509952  0.15238342
  0.6769796   0.72197515  0.10351353  0.95943414  0.1873223   0.49605229
  1.03259923  0.12529282]

Covariance Matrix:

[
     [ 7.86319146  5.70249454  5.51808465  6.45258466  4.98729228  4.91231883
       4.80484752  5.7753093   6.499232    6.15901752  4.96050311  5.22240093
       6.12384115  5.92805825  6.33711396  5.79334575  5.55204281  5.53289674
       3.5795563   5.03414804]
     [ 5.70249454  7.18526848  5.39536394  6.18291208  5.183484    5.34551999
       5.135878    5.931337    5.70051568  5.30711818  4.80349562  5.84444532
       6.81825836  5.42246497  6.56021432  5.33892655  5.29431577  5.63107006
       4.73623164  5.44133453]
     [ 5.51808465  5.39536394  6.00651003  5.66769526  4.70315338  4.76101993
       4.22495718  5.1708018   4.98246043  4.10209635  4.37175087  4.38415364
       6.00843222  5.25221271  5.39621357  4.78625746  4.86518781  4.10685203
       3.32152037  5.40811732]
     [ 6.45258466  6.18291208  5.66769526  9.05423137  6.28200106  5.26869058
       5.03122994  6.56255445  5.89794694  5.89008323  6.01980097  5.75684105
       7.71084706  6.70130333  7.18359992  5.72644362  6.88255597  5.08846767
       4.99817896  6.69592633]
     [ 4.98729228  5.183484    4.70315338  6.28200106  6.77204253  4.17409319
       4.47481288  6.46736396  5.07692266  5.49744481  5.29787177  5.67467391
       5.95874685  5.19452989  5.8469196   5.21148373  6.06220965  4.83269494
       4.69757952  5.42666758]
     [ 4.91231883  5.34551999  4.76101993  5.26869058  4.17409319  5.15383184
       3.78461849  4.8436628   4.6083594   4.2394241   3.60113424  4.54170243
       6.06572336  4.60337532  5.32558563  4.44661612  4.17196493  3.55634252
       3.68832485  4.39396197]
     [ 4.80484752  5.135878    4.22495718  5.03122994  4.47481288  3.78461849
       5.24052185  4.93559617  4.84444224  4.86124039  4.11003959  4.33899125
       4.82826458  4.33067787  4.79976241  4.98136981  4.2385334   4.56694018
       3.72523129  4.07401155]
     [ 5.7753093   5.931337    5.1708018   6.56255445  6.46736396  4.8436628
       4.93559617  7.27796644  5.59131733  5.80372347  5.20877872  6.26661373
       6.66253805  5.90667752  6.87433817  5.60878972  6.32954974  5.64710438
       4.95136846  5.5872087 ]
     [ 6.499232    5.70051568  4.98246043  5.89794694  5.07692266  4.6083594
       4.84444224  5.59131733  7.1892012   6.35864765  4.87285014  5.13108207
       6.31152308  5.47591635  6.17835849  5.84747823  5.52199313  5.21860456
       4.30705436  5.29094987]
     [ 6.15901752  5.30711818  4.10209635  5.89008323  5.49744481  4.2394241
       4.86124039  5.80372347  6.35864765  7.37913128  5.13651333  5.4398683
       5.96187172  4.74705578  6.01225328  6.04769915  5.93105044  5.60234158
       4.5797455   4.80051373]
     [ 4.96050311  4.80349562  4.37175087  6.01980097  5.29787177  3.60113424
       4.11003959  5.20877872  4.87285014  5.13651333  6.36985972  4.27624834
       5.69824037  4.30518773  6.28880751  5.06996878  5.28524238  4.78822973
       4.39770811  4.98817565]
     [ 5.22240093  5.84444532  4.38415364  5.75684105  5.67467391  4.54170243
       4.33899125  6.26661373  5.13108207  5.4398683   4.27624834  7.05813172
       5.88849294  4.936437    5.98100028  5.38625772  5.89682157  5.314541
       4.48214576  4.80856324]
     [ 6.12384115  6.81825836  6.00843222  7.71084706  5.95874685  6.06572336
       4.82826458  6.66253805  6.31152308  5.96187172  5.69824037  5.88849294
       8.96013067  6.57262323  7.97772234  6.16068872  6.39110513  5.67784443
       5.52834003  6.58928839]
     [ 5.92805825  5.42246497  5.25221271  6.70130333  5.19452989  4.60337532
       4.33067787  5.90667752  5.47591635  4.74705578  4.30518773  4.936437
       6.57262323  6.92920211  6.24294428  5.06582213  5.3922976   4.87933
       4.0287452   5.41383199]
     [ 6.33711396  6.56021432  5.39621357  7.18359992  5.8469196   5.32558563
       4.79976241  6.87433817  6.17835849  6.01225328  6.28880751  5.98100028
       7.97772234  6.24294428  8.71597463  6.01993585  6.1808009   6.4269527
       5.54908176  6.07673958]
     [ 5.79334575  5.33892655  4.78625746  5.72644362  5.21148373  4.44661612
       4.98136981  5.60878972  5.84747823  6.04769915  5.06996878  5.38625772
       6.16068872  5.06582213  6.01993585  6.51100895  5.39138736  5.4277878
       4.31022334  5.00864772]
     [ 5.55204281  5.29431577  4.86518781  6.88255597  6.06220965  4.17196493
       4.2385334   6.32954974  5.52199313  5.93105044  5.28524238  5.89682157
       6.39110513  5.3922976   6.1808009   5.39138736  6.97728787  5.17097211
       4.64559512  5.9728326 ]
     [ 5.53289674  5.63107006  4.10685203  5.08846767  4.83269494  3.55634252
       4.56694018  5.64710438  5.21860456  5.60234158  4.78822973  5.314541
       5.67784443  4.87933     6.4269527   5.4277878   5.17097211  6.82911009
       4.0622789   4.71132986]
     [ 3.5795563   4.73623164  3.32152037  4.99817896  4.69757952  3.68832485
       3.72523129  4.95136846  4.30705436  4.5797455   4.39770811  4.48214576
       5.52834003  4.0287452   5.54908176  4.31022334  4.64559512  4.0622789
       4.87906066  4.48534125]
     [ 5.03414804  5.44133453  5.40811732  6.69592633  5.42666758  4.39396197
       4.07401155  5.5872087   5.29094987  4.80051373  4.98817565  4.80856324
       6.58928839  5.41383199  6.07673958  5.00864772  5.9728326   4.71132986
       4.48534125  6.76518127]
]
