For split 1:

RSE: 0.020166

[ -4.69712861e-04   2.50632732e-01  -5.55204058e-02   2.26148489e-01
  -5.38294196e-02  -7.27575646e-03   1.94751054e-02   1.87258348e-01
  -2.13870862e-01  -2.09344703e-01   1.25969588e-01  -3.05910745e-01
   4.55626329e-02  -2.16794056e-01  -1.68397410e-01   4.10614730e-02
  -1.00274404e-01   4.81907569e-02   1.17421842e-02  -1.01124324e-01
   2.06119278e-01   1.87119215e-01  -3.99133959e-01  -1.40318358e-02
  -4.47032020e-02   2.52259764e-02   9.35194163e-03   5.13311081e-02
   2.42936084e-01  -2.06416807e-01  -2.12614926e-01   1.41485812e-01
   6.60757649e-02   3.46312727e-02   2.61891632e-01  -7.92822388e-02
  -6.81178013e-02   4.84702996e-02   7.32054594e-02   1.99023677e-01
   2.53921340e-01  -9.23881411e-02  -8.88678865e-02   4.11074403e-02
  -8.60134577e-02  -2.06145277e-01  -3.52341106e-02   1.75925070e-02
   4.50964769e-02  -1.68591295e-01  -2.67573783e-01   1.22120397e-01
  -7.61540201e-02   2.25531189e-03   1.66877366e-02  -7.44219473e-02
   8.13416817e-02  -3.16494970e-02  -1.15691147e-01   4.45627766e-01
  -3.02795075e-01  -6.82528446e-02  -8.14790361e-02  -1.13491412e-01
  -1.28363182e-02   4.73744682e-01  -1.08465578e-01  -2.31356087e-01
  -5.96707541e-01   1.86577862e-01   8.56600288e-02   3.98230347e-02
   8.55363837e-02  -2.58384600e-02   4.86421150e-01   6.61646016e-02
  -6.50546002e-02  -9.35044549e-03   4.42000775e-02  -1.14725553e-02
  -1.68344733e-01  -2.51928127e-02   1.43718389e-01  -2.97326367e-01
   1.07271446e-01  -6.85134902e-02   3.20337753e-01   4.68694143e-02
  -2.18793063e-02  -8.72027200e-02   1.41590932e-01   1.54705691e-01
   4.25338121e-02  -1.00735290e-02  -1.52927583e-02  -8.29067254e-03
   3.36204052e-02   1.23009760e+00  -5.98100717e-01  -4.29389032e-01
  -7.49998138e-02   1.30682738e+00  -8.49775357e-01   3.33986797e-01
  -7.62605159e-01  -1.47461476e+00   2.58048136e-01   7.77177833e-01
   3.65152000e-02   1.13079768e-01   1.05185408e-02   6.49928950e-01
   7.38514918e-02   3.15185404e-01  -2.62878296e-02  -7.10849509e-03
  -4.31675917e-02   2.35238122e-01  -6.07935992e-01   8.41863961e-01
  -2.82950212e-02   1.30869055e-02  -8.61141107e-01]

Intercept: 1.150225

For split 2:

RSE: 0.019117

[ -1.01668655e-03   6.56127052e-02  -3.75893807e-02   1.82288155e-01
  -5.19257174e-02   5.14986337e-03   3.21158379e-02   6.97367858e-02
  -3.64239280e-01   3.32494300e-02   9.61564448e-02  -1.96909903e-01
   4.80876496e-02  -1.75111802e-01  -1.90394502e-01   3.55171228e-02
  -1.08760026e-01   9.35678440e-03   2.66632799e-03  -9.40098118e-02
   1.99516974e-01   9.98609632e-02  -3.19391276e-01  -2.47752480e-02
  -4.01745219e-02   2.19237205e-02  -3.09802104e-03   5.01223882e-02
   3.22349102e-02  -1.92483935e-01  -3.77423034e-02   5.50228837e-03
   1.05917802e-02   9.27800367e-03   2.63898660e-01  -8.91542186e-02
  -4.63335499e-03   7.56476551e-02   1.26599563e-01   4.86419638e-01
   2.25703037e-01   2.52042461e-01  -6.82674170e-01  -7.72630123e-02
   7.39512134e-02  -3.36032725e-01  -2.74413646e-02  -4.78426823e-03
   2.08259251e-02  -1.61574684e-01  -1.05291037e-02   1.24370320e-01
  -1.44635628e-01   2.17331095e-02   5.92916842e-03  -8.67937229e-02
   6.15992673e-02  -5.91090529e-03  -2.63246764e-01   3.15381857e-01
  -1.14007675e-02  -5.00017256e-02  -1.33245924e-01   1.53277514e-01
  -2.81609825e-01   7.17092136e-01  -1.86655597e-01  -1.78678557e-01
  -3.60157654e-01   1.18509140e-01   1.18050914e-01   3.65741703e-02
   1.84194663e-01  -3.73271366e-02   2.02308437e-01   4.10753343e-02
  -5.11006806e-02  -2.46994695e-02   3.01374247e-02  -1.16456469e-02
  -3.48885671e-01   1.70760261e-01   9.09894519e-02  -2.30714136e-01
  -1.80353606e-02  -4.21824366e-02   3.19097109e-01   2.68162868e-02
  -5.70394838e-02  -6.88146216e-02   8.92305321e-02   1.89408103e-01
   7.93288452e-02  -1.97279494e-02  -5.88071792e-02   1.31258025e-02
   6.79597289e-02   1.13507133e+00  -9.36398324e-01  -4.79189833e-01
   1.89256311e-02   4.48444749e-01  -5.26595474e-01  -1.84564290e-01
  -4.61859792e-01  -1.35763140e+00   9.27395985e-01   5.98708785e-02
   1.36055480e-01  -4.46712635e-01  -1.32081086e-01   3.53781290e-01
  -2.16107328e-01  -1.61713536e-02   2.07424893e-02  -3.67439882e-02
  -3.01630579e-02   7.73420895e-02  -4.36505858e-01   3.98179120e-01
  -2.16679561e-01   2.17663615e-02  -9.78491006e-01]

Intercept: 1.856634

For split 3:

RSE: 0.019842

[ -5.60626349e-04   3.18867885e-01   6.49551711e-02   2.11420520e-01
  -3.69529766e-02  -3.17010252e-02  -6.16503253e-03   1.04024723e-01
  -3.03179958e-01  -9.85940931e-02   4.67614297e-02  -3.76639388e-01
   4.74557140e-02  -2.61522665e-01  -1.74511154e-01   3.34917712e-02
  -1.35635566e-01   8.47796034e-02   1.19289022e-02  -7.88939267e-02
   2.96988693e-01   1.95015568e-01  -3.42317386e-01  -6.72773998e-03
  -3.44115827e-02   1.71926551e-02   3.34455851e-01   5.99340143e-02
   1.17752473e-01  -2.02047774e-01  -1.40443778e-01   1.04177164e-01
   6.06873410e-02   4.07307059e-02   2.85580280e-01  -9.53735402e-02
  -4.82826500e-02   8.92950085e-02   1.06430358e-01   4.04192609e-01
   2.39403475e-01   1.47499124e-01  -4.88655351e-01  -7.16563735e-02
  -5.36818041e-02  -1.76688484e-01  -6.38810206e-02  -3.27771284e-02
   6.41067877e-02  -1.78348800e-01  -1.73895452e-01   9.03989943e-02
  -1.16949757e-01   2.27494347e-02   7.70846751e-02  -1.56111494e-01
   7.27666650e-02   3.56400337e-02  -4.48360612e-01   6.75039754e-01
  -2.74850718e-01  -3.02875229e-02  -1.07703210e-01   1.28176150e-02
  -1.37001030e-01   3.88076222e-01   4.05822229e-02  -2.30010141e-01
  -8.56089473e-01   2.31788807e-01   8.50607423e-02   1.95243361e-02
   1.29260856e-01  -5.39898625e-02   7.29963116e-01   8.49791012e-02
  -7.17769467e-02   1.36927614e-02   3.53128783e-02  -3.91247199e-02
  -2.38228662e-01   4.92882855e-02   8.39542949e-02  -2.56357646e-01
   7.62611995e-02  -1.43414337e-01   3.61392740e-01   5.88870602e-02
  -3.45433626e-02  -9.08098265e-02   1.40629858e-01   1.60229168e-01
   1.34700918e-01   4.25672797e-02   1.84200742e-02   4.11667648e-03
  -4.72092977e-03   1.49849754e+00   8.46505548e-02  -7.10780451e-01
   3.69515299e-01   1.08073152e+00  -6.89962304e-01   2.13110090e-01
  -6.12643996e-01  -1.10283575e+00   9.45430830e-01   2.92681897e-01
   1.90034188e-01  -3.09893472e-01   9.21696998e-02   4.19344762e-01
   5.31884896e-01   4.69166365e-01  -1.15213529e-02  -1.76266469e-03
  -4.00077006e-02   4.42496573e-01  -9.97497936e-01   5.53301506e-01
  -1.11048221e-01   2.56378993e-02  -1.74149384e+00]

Intercept: 0.438728

For split 4:

RSE: 0.015417

[ -6.40403937e-04   2.83097054e-01  -1.11384566e-02   2.40897086e-01
  -3.43674806e-02   1.51344250e-04   1.52326278e-02   2.66738038e-01
  -2.03693735e-01  -2.96563676e-01   1.20101398e-01  -3.54194260e-01
   5.76069494e-02  -1.18390331e-01  -1.64962936e-01   6.09580337e-02
  -1.47749901e-01   7.32060879e-02  -3.25446065e-02  -1.01733733e-01
   2.12471073e-01   1.06426119e-01  -4.06124009e-01   7.01501779e-03
  -2.68181646e-02   1.12139443e-02   2.78891139e-01   5.04472971e-02
   2.31363977e-01  -2.00899091e-01  -1.43017118e-01   1.09061147e-01
   4.85745065e-02   2.56698465e-02   2.58153963e-01  -7.26758501e-02
  -3.46238781e-02   7.60371817e-02   1.46427069e-01   6.00421125e-01
   2.46983724e-01   3.51249522e-01  -8.72924324e-01  -1.64831724e-01
   9.43296593e-02  -3.52775295e-01  -4.37025225e-02  -2.61354113e-02
   4.72576791e-02  -1.78058771e-01  -2.09340144e-01   9.55276490e-02
  -1.49247011e-01   2.07515250e-02   3.76211341e-02  -1.56545760e-02
  -1.13292002e-02  -1.15700768e-02  -1.88342769e-01   3.31635583e-01
  -1.73883604e-01  -5.31378118e-02  -1.21180622e-01   1.05681352e-02
  -1.71382221e-01   5.29594981e-01   6.89953615e-02  -2.77472859e-01
  -1.03724856e+00   2.76474678e-01   1.13793180e-01   3.97903273e-02
   9.56108219e-02  -8.78962520e-02   8.59589060e-01   4.85910693e-02
  -8.06747354e-02  -3.54910095e-02  -1.33995415e-02  -2.15552091e-02
  -5.58628089e-01   3.54160074e-01   9.57197098e-02  -2.34774731e-01
   8.29290229e-02  -1.43196897e-01   3.83516749e-01   3.81700663e-02
  -5.51608341e-02  -7.52551538e-02   1.45496312e-01   1.41317747e-01
   1.08517247e-01   8.94538645e-03   1.06934632e-02   5.69934966e-03
   4.13499588e-02   1.55335679e+00  -8.08049339e-02  -4.04980528e-01
  -7.31735939e-02   9.21907037e-01  -7.85825975e-01  -8.91843886e-02
  -4.22279257e-01  -1.70459660e+00   8.11991178e-01   4.38754973e-01
  -2.61558436e-01   1.30505329e-01  -3.27994563e-01  -8.25256943e-02
   1.92869282e-01   5.50869328e-01  -2.02376821e-02  -1.86777330e-02
  -4.15667562e-02  -2.94171337e-01  -9.62649812e-01   8.42638185e-01
  -2.19585467e-02   2.25975550e-02  -1.22525235e+00]

Intercept: 1.064306

For split 5:

RSE: 0.019640

[ -7.90999143e-04   5.71669980e-01   4.99822873e-02   1.95830533e-01
  -4.89545085e-02   1.90493048e-02   4.46969741e-02   1.00581004e-01
  -1.56779587e-01  -1.39628573e-01   9.78960170e-02  -6.74955709e-01
   6.52572154e-02  -2.19461030e-01  -2.44088332e-01   4.19965329e-02
  -1.37691811e-01   4.09725005e-02  -2.11748520e-02  -1.06287547e-01
   3.13232311e-01   2.56113700e-01  -4.76884707e-01  -2.06571555e-02
  -3.03947114e-02   3.76773804e-02   1.38976710e-01   5.19721096e-02
   6.09566600e-02  -1.78193629e-01  -5.71032593e-02  -3.33388056e-02
   5.04303269e-02   5.66364787e-02   3.17143610e-01  -9.01489891e-02
  -4.66876957e-02   1.38166270e-01   1.55497935e-01   4.39961404e-01
   2.06310252e-01   7.73285563e-02  -4.63010215e-01  -1.20811192e-01
   2.59546502e-02  -3.84533623e-01   9.16188550e-03  -1.04702326e-02
  -2.41315326e-03  -1.16428757e-01  -1.15817780e-01   1.34881882e-01
  -1.91346138e-01   8.74169208e-03   9.30565654e-03  -5.11116933e-03
  -9.49959064e-03  -8.88699154e-02   1.83508207e-02   1.96227747e-01
  -1.46125074e-01  -3.22500183e-03  -1.68027274e-01   4.95227113e-02
  -2.00458559e-01   5.34655811e-01  -4.24307522e-02  -1.89777466e-01
  -6.06406383e-01   2.29940509e-01   8.71593101e-02   8.19380189e-03
   1.58217259e-01  -6.84710221e-02   5.34832417e-01   6.98426783e-02
  -9.32483191e-02  -1.95964355e-02   3.19293310e-02  -9.17013311e-03
  -2.85709812e-01   1.52177839e-01   8.19744647e-02  -2.68262554e-01
  -4.56832529e-02  -8.71033194e-02   3.60158315e-01   5.02291317e-02
  -7.12422624e-02  -4.87053043e-02   1.63457257e-01   2.01927610e-01
   1.80775196e-01   5.06723230e-02  -1.18886493e-03   1.98929108e-03
   3.86282406e-03   1.17808473e+00  -7.35463133e-01  -5.38741157e-01
   1.12616577e-01   6.30767938e-01   4.00109644e-02   5.74453838e-02
  -1.41981317e-01  -8.24470876e-01   6.00214731e-01   5.28351748e-01
  -1.84113275e-01  -2.17559255e-01  -4.05566541e-01   2.48871334e-01
   9.17953393e-02   3.68202678e-01   2.56278524e-03   9.93852504e-03
  -5.43734310e-02   2.75120799e-02  -1.25094397e+00   1.02490304e+00
  -5.53728362e-01   2.64780761e-02  -1.44614012e+00]

Intercept: 0.785822

Mean RSE:  0.018836176961
