Best fit lambda:  1.5

Split 1:

RSE: 0.019914

Coefficients:  [ -6.94798951e-04  -1.73070677e-02   6.91475175e-03   1.83410791e-01
  -6.16541614e-02  -1.80905509e-02   2.39029081e-02   4.96676997e-02
  -1.46500730e-01  -4.55281318e-02   6.44082898e-02  -2.95334054e-02
   3.49822641e-02   2.05739742e-02  -8.95372213e-02   2.63190294e-02
  -9.16805215e-02   6.01108482e-02   2.01220876e-02  -8.94432428e-02
   1.82062815e-02  -1.45400350e-02  -1.11426016e-01  -1.31269949e-02
  -3.83658855e-02   2.95092684e-02  -4.74732138e-03   4.16196684e-02
   5.24821133e-02  -1.15959295e-01  -1.29322485e-01   4.93795039e-02
   5.24099433e-02   7.60054073e-05   1.25386566e-01  -6.10003537e-02
  -5.05360747e-02   4.23639253e-02   2.48914361e-02   1.15211639e-01
   1.17287206e-01  -7.28734942e-02   4.33362606e-03   5.82415080e-02
  -1.03373982e-01  -1.29961717e-01  -5.63109346e-02   6.34940747e-03
   1.32087824e-02  -1.13522914e-01  -8.59594990e-02   1.34851086e-01
  -3.73796064e-02   1.21056406e-02  -3.05387701e-02  -1.78510214e-02
   3.79436380e-02   1.92420136e-03   9.47807128e-03   3.98114115e-02
  -8.22025689e-04  -2.48959529e-02  -4.52452242e-02  -3.36162396e-02
  -2.86143429e-02   1.19936148e-01  -6.53414886e-02  -2.98647530e-02
  -8.12501332e-02   1.05232086e-01   5.09084628e-02   1.96842755e-02
   1.02941434e-01  -4.42354106e-02   1.47808502e-02   7.24208824e-02
  -5.65051400e-02   1.63427188e-04   3.76939018e-02  -7.56744009e-03
  -6.38910372e-02  -6.24966216e-03   2.88823625e-02  -1.73816346e-01
   3.29870825e-02   3.06157221e-02   1.26284080e-01   5.05084158e-02
  -1.34175932e-02  -7.71689092e-02   1.08291516e-01   1.38278927e-01
   1.76613096e-02  -8.06614082e-03   5.51774599e-03   2.01940380e-02
   1.89319292e-02   4.44370571e-02  -1.89384922e-02  -1.91554027e-02
  -1.33076313e-04   4.08622302e-02  -2.45659892e-02   1.12881675e-02
  -2.03283120e-02  -4.53989600e-02   5.90272093e-03   2.95078882e-02
   3.63159104e-03   3.57236262e-03   3.47664054e-03   2.43334937e-02
   1.94463467e-03   1.08499109e-02  -1.08735211e-02   4.69585527e-03
  -3.07531231e-02   1.07621323e-02  -2.19244501e-02   3.36207871e-02
  -6.80566433e-03   1.89278893e-02  -2.94299134e-02]

Intercept: 0.523779

Split 2:

RSE: 0.019398

Coefficients:  [-0.00117182 -0.04919184  0.01507972  0.15866836 -0.06362381  0.00031337
  0.02146202  0.03977219 -0.15747989 -0.01069532  0.0544923  -0.05790312
  0.04239696  0.03723903 -0.09592339  0.02751059 -0.0874985   0.02407454
  0.01076934 -0.0808199   0.02013669 -0.02363912 -0.10177669 -0.02402775
 -0.03529358  0.02958441 -0.00208561  0.03946049  0.00644014 -0.13224943
 -0.0415917   0.02384096  0.01204892 -0.02546918  0.13074417 -0.06690825
  0.0048493   0.04960666  0.04140309  0.12545765  0.11135178 -0.06581689
 -0.01687753  0.04314603 -0.05388603 -0.13454356 -0.06245767 -0.00489622
 -0.00794514 -0.11072817  0.01387959  0.14759451 -0.08257303  0.02274549
 -0.04046998 -0.03710758  0.03628918 -0.01758845 -0.0294094   0.03906011
  0.05869158 -0.01694875 -0.06428992 -0.01907578 -0.04646005  0.12662304
 -0.0705453  -0.01599393 -0.09072962  0.10436666  0.05970166  0.02098923
  0.13967708 -0.05746653  0.00392184  0.04968958 -0.03972857 -0.01670017
  0.03130373 -0.00661458 -0.10566645 -0.00826208  0.04911171 -0.16295942
  0.0067923   0.03867946  0.12089109  0.03595319 -0.03496663 -0.07021395
  0.06552031  0.17909864  0.04997436 -0.0258643  -0.02145404  0.02321177
  0.04858592  0.03951177 -0.02953181 -0.01989566  0.00333286  0.01477914
 -0.02062203 -0.01007834 -0.01463316 -0.04451906  0.02771584  0.00521064
  0.00771474 -0.01665019 -0.00469074  0.01331586 -0.00897467 -0.00137054
  0.02988388 -0.02982753 -0.02172441  0.00540865 -0.01993089  0.02091794
 -0.01513697  0.0279157  -0.03093221]

Intercept: 0.597697

Split 3:

RSE: 0.019188

Coefficients:  [ -7.63995289e-04  -2.88558988e-02   5.41326817e-02   1.77578595e-01
  -5.50559878e-02  -3.39674097e-02   3.11871729e-04   3.01742357e-02
  -1.58277445e-01  -2.44945011e-02   3.75281709e-02  -4.58792891e-02
   3.55596127e-02   2.85329455e-02  -9.90831788e-02   1.91687142e-02
  -1.01905076e-01   5.46719033e-02   3.03529402e-02  -7.14414576e-02
   4.63863431e-02   6.04099020e-03  -9.69900402e-02  -9.02316544e-03
  -2.76561353e-02   2.37123642e-02   1.23292515e-02   5.81077259e-02
   1.08898096e-02  -1.32608743e-01  -9.29449076e-02   5.09946543e-02
   5.83406887e-02  -6.16162918e-03   1.25263858e-01  -7.39090421e-02
  -3.86771036e-02   6.43497337e-02   3.27987921e-02   1.31629052e-01
   1.14685833e-01  -6.86194967e-02  -5.09875553e-03   3.08942024e-02
  -6.98428460e-02  -1.09075113e-01  -8.51909785e-02  -2.98791752e-02
   3.26608624e-02  -1.15370120e-01  -3.67945488e-02   1.13282620e-01
  -5.63953567e-02   3.45248619e-02  -1.01816078e-02  -5.66450795e-02
   2.12260950e-02   1.29306963e-03  -3.92058509e-02   5.50922427e-02
   2.51227649e-02  -5.00522971e-03  -5.44180700e-02  -3.54928161e-02
  -4.00492093e-02   1.16508066e-01  -4.09427848e-02  -1.02393078e-02
  -1.00073590e-01   1.40977753e-01   6.23052230e-02   4.31263419e-03
   1.26108636e-01  -6.87037992e-02   8.87565075e-03   8.91937358e-02
  -6.27421612e-02   1.32650910e-02   3.40985709e-02  -3.40834249e-02
  -7.81108768e-02  -1.03942508e-02   1.79277294e-02  -1.59989068e-01
   3.10849097e-02  -5.71175452e-03   1.36498981e-01   5.88023595e-02
  -2.67321087e-02  -8.52021326e-02   8.52739731e-02   1.49454035e-01
   6.75431550e-02   2.32437164e-02   2.59853006e-02   2.33447538e-02
  -3.42296709e-03   5.09513543e-02   1.09159970e-03  -1.87534199e-02
   1.51741274e-02   3.63762036e-02  -2.24816678e-02   1.01162772e-02
  -2.11200152e-02  -3.18067564e-02   2.64312880e-02   1.16058448e-02
   9.63806681e-03  -1.19718409e-02   5.42075533e-03   1.40824126e-02
   1.70669375e-02   1.34332097e-02   6.13811809e-03  -3.57428485e-05
  -2.37550022e-02   1.42283333e-02  -3.44690416e-02   2.15888054e-02
  -8.69383295e-03   3.25659396e-02  -5.47387765e-02]

Intercept: 0.455200

Split 4:

RSE: 0.014198

Coefficients:  [-0.00081407 -0.03328637  0.0398645   0.20950522 -0.04947383 -0.01463917
  0.0162271   0.06633608 -0.16434868 -0.06070684  0.0650745  -0.05084209
  0.04673782  0.05200401 -0.0752376   0.04535492 -0.10768938  0.04691871
 -0.00773856 -0.0887541   0.02623001 -0.02932374 -0.13835983 -0.00075307
 -0.01816009  0.01855372  0.00643196  0.04376272  0.05027142 -0.13068585
 -0.09345734  0.05874675  0.04193407 -0.01651627  0.09931175 -0.05010862
 -0.01211698  0.06269779  0.04897335  0.13679572  0.10673628 -0.07122883
 -0.01587914  0.02325693 -0.07032912 -0.15412074 -0.05654583 -0.02107896
  0.01434049 -0.12522599 -0.03984875  0.11476478 -0.0604205   0.02390158
 -0.0071432   0.00984995 -0.03042206 -0.00608124 -0.00927573  0.03236314
  0.008821   -0.02469439 -0.05359996 -0.05179291 -0.05003839  0.14296775
 -0.0429064  -0.01839327 -0.11456958  0.17536464  0.06930995  0.01754804
  0.11408567 -0.09842217  0.00953894  0.05677756 -0.06524885 -0.01993858
  0.00708167 -0.01843329 -0.13118458  0.00954684  0.05483274 -0.14498545
  0.02547855  0.01173231  0.15352023  0.04120447 -0.03970165 -0.08001733
  0.09734753  0.13038714  0.04260218  0.00290321  0.01704207  0.01735864
  0.02564388  0.05304853 -0.00441408 -0.01501399  0.00555473  0.03062697
 -0.02366628 -0.00505057 -0.01010326 -0.0567055   0.02256272  0.01311747
 -0.00286781  0.00043093 -0.00670249  0.00296369  0.00763075  0.01479334
  0.00416252 -0.00477085 -0.03760739 -0.00571961 -0.03375175  0.03751259
 -0.009286    0.03124345 -0.03996418]

Intercept: 0.572878

Split 5:

RSE: 0.019024

Coefficients:  [ -9.43970300e-04  -2.82266275e-02   5.71297265e-02   1.78962715e-01
  -4.68094493e-02  -1.44194312e-04   3.55391388e-02   2.60415080e-02
  -1.21070741e-01  -2.72213959e-02   5.67796333e-02  -6.31553639e-02
   4.44075311e-02   3.14435330e-02  -1.02062228e-01   3.07557109e-02
  -1.08982434e-01   3.86046985e-02   7.83261015e-03  -9.06183039e-02
   5.88513970e-02  -3.23491149e-03  -1.20907575e-01  -1.82293420e-02
  -2.24460464e-02   4.40273268e-02   9.91955986e-04   4.66601704e-02
  -6.71216095e-03  -1.24708055e-01  -6.74882465e-02   2.34534153e-03
   4.81478362e-02   7.20616326e-03   1.37777054e-01  -5.86232990e-02
  -2.93083552e-02   8.63500836e-02   5.65066373e-02   1.54028607e-01
   1.09312547e-01  -8.87575058e-02  -8.95884788e-03   1.38996212e-02
  -7.29937499e-02  -1.66315900e-01  -3.52693641e-02  -1.48452981e-02
  -1.39352348e-02  -8.28374456e-02  -3.72050237e-02   1.44496109e-01
  -9.38412010e-02   1.30819913e-03  -2.50969481e-03  -4.87389929e-03
  -1.75289925e-02  -1.14706477e-02   1.87459635e-02   2.57874270e-02
   1.97121010e-02   1.66370688e-02  -8.05030878e-02  -4.17512963e-02
  -3.52904735e-02   1.19957955e-01  -5.34241892e-02   1.85594133e-03
  -7.16066859e-02   1.47983210e-01   4.60301843e-02  -9.99408827e-03
   1.29493273e-01  -8.28730829e-02   2.61105522e-02   8.35465032e-02
  -7.96133671e-02  -1.32517946e-02   3.66823642e-02  -1.01856994e-02
  -7.15128108e-02   7.47109711e-03   2.77506613e-02  -1.87831505e-01
   3.84747049e-03   2.04015353e-02   1.14033690e-01   5.63503665e-02
  -4.45878354e-02  -5.70119002e-02   1.04497345e-01   1.77954828e-01
   7.52691768e-02   3.18781566e-02   1.41128496e-02   1.73811353e-02
  -1.58074923e-03   4.04137784e-02  -2.49476961e-02  -1.70647324e-02
   5.56201759e-03   2.02871681e-02   2.33532219e-03  -1.17737934e-03
  -7.50682594e-03  -2.51247011e-02   1.74572222e-02   1.44398754e-02
  -3.39808911e-03  -7.27148059e-03  -5.51969961e-03   1.30006469e-02
  -5.38933686e-04   1.34759981e-02   2.33192397e-02   1.04084520e-02
  -4.13187187e-02   4.18163497e-03  -4.09266754e-02   4.10105825e-02
  -2.68355669e-02   3.34217590e-02  -4.83873777e-02]

Intercept: 0.451128

Mean RSE: 0.018344

-------------------------------------
