Intial number of features: 123

Intial RSE: 0.019914

Coefficients:  [ -6.94798951e-04  -1.73070677e-02   6.91475175e-03   1.83410791e-01
  -6.16541614e-02  -1.80905509e-02   2.39029081e-02   4.96676997e-02
  -1.46500730e-01  -4.55281318e-02   6.44082898e-02  -2.95334054e-02
   3.49822641e-02   2.05739742e-02  -8.95372213e-02   2.63190294e-02
  -9.16805215e-02   6.01108482e-02   2.01220876e-02  -8.94432428e-02
   1.82062815e-02  -1.45400350e-02  -1.11426016e-01  -1.31269949e-02
  -3.83658855e-02   2.95092684e-02  -4.74732138e-03   4.16196684e-02
   5.24821133e-02  -1.15959295e-01  -1.29322485e-01   4.93795039e-02
   5.24099433e-02   7.60054073e-05   1.25386566e-01  -6.10003537e-02
  -5.05360747e-02   4.23639253e-02   2.48914361e-02   1.15211639e-01
   1.17287206e-01  -7.28734942e-02   4.33362606e-03   5.82415080e-02
  -1.03373982e-01  -1.29961717e-01  -5.63109346e-02   6.34940747e-03
   1.32087824e-02  -1.13522914e-01  -8.59594990e-02   1.34851086e-01
  -3.73796064e-02   1.21056406e-02  -3.05387701e-02  -1.78510214e-02
   3.79436380e-02   1.92420136e-03   9.47807128e-03   3.98114115e-02
  -8.22025689e-04  -2.48959529e-02  -4.52452242e-02  -3.36162396e-02
  -2.86143429e-02   1.19936148e-01  -6.53414886e-02  -2.98647530e-02
  -8.12501332e-02   1.05232086e-01   5.09084628e-02   1.96842755e-02
   1.02941434e-01  -4.42354106e-02   1.47808502e-02   7.24208824e-02
  -5.65051400e-02   1.63427188e-04   3.76939018e-02  -7.56744009e-03
  -6.38910372e-02  -6.24966216e-03   2.88823625e-02  -1.73816346e-01
   3.29870825e-02   3.06157221e-02   1.26284080e-01   5.05084158e-02
  -1.34175932e-02  -7.71689092e-02   1.08291516e-01   1.38278927e-01
   1.76613096e-02  -8.06614082e-03   5.51774599e-03   2.01940380e-02
   1.89319292e-02   4.44370571e-02  -1.89384922e-02  -1.91554027e-02
  -1.33076313e-04   4.08622302e-02  -2.45659892e-02   1.12881675e-02
  -2.03283120e-02  -4.53989600e-02   5.90272093e-03   2.95078882e-02
   3.63159104e-03   3.57236262e-03   3.47664054e-03   2.43334937e-02
   1.94463467e-03   1.08499109e-02  -1.08735211e-02   4.69585527e-03
  -3.07531231e-02   1.07621323e-02  -2.19244501e-02   3.36207871e-02
  -6.80566433e-03   1.89278893e-02  -2.94299134e-02]

Intercept: 0.523779

Number of features after feature selection: 41

RSE after feature selection: 0.020975

Coefficients:  [ 0.17771829 -0.05970189 -0.16652493  0.05615174 -0.09593854 -0.10911536
  0.06722698 -0.10422499 -0.04465807  0.01276071 -0.11204807 -0.07393009
  0.03821955  0.10099016 -0.051678   -0.05350051  0.11160749  0.115575
 -0.04777657  0.01109082 -0.09394659 -0.17129403 -0.05243614 -0.11329974
 -0.12677746  0.15129088  0.10842927 -0.03668952 -0.01655123  0.11991259
  0.05608502  0.14210934  0.07529201 -0.05533822 -0.00699713 -0.16005993
  0.16222628  0.04620294 -0.09105754  0.07056108  0.12812287]

Intercept: 0.558372

